0.0
-0.4499673843383789
-1.0232715606689453
-1.1495428085327148
-1.3036174774169922
-1.3661766052246094
-1.4731760025024414
-1.7157859802246094
-1.8519554138183594
-2.065441131591797
-2.3388614654541016
-2.485405921936035
-1.7254619598388672
-1.7006568908691406
-1.6497688293457031
-1.677119255065918
-1.729736328125
-1.7498693466186523
-1.8960676193237305;
-1.9166250228881836
-1.6441993713378906
-1.688436508178711
-1.559255599975586
-1.5436992645263672
-0.7185001373291016
-0.7040719985961914
-0.5976123809814453
-0.5617837905883789
-0.5283927917480469
-0.5838041305541992
-0.5838127136230469
-0.49830150604248047
-0.4781341552734375
-0.247283935546875
-0.27651500701904297
-0.2953157424926758
0.3797721862792969
0.34439563751220703
0.3205738067626953
0.24364757537841797
0.19310569763183594
0.23177242279052734;
0.43168067932128906
0.33664417266845703
0.23367881774902344
0.2427082061767578
0.26950836181640625
0.4872865676879883
1.2606043815612793
1.3561992645263672
1.3319168090820312
1.4516792297363281
1.540639877319336
1.5398774147033691
1.5311064720153809
1.4720420837402344
1.5032768249511719
1.4415154457092285
1.3915319442749023
1.512002944946289
2.457106113433838
2.6004319190979004
2.6540870666503906
2.7962160110473633
2.827530860900879
2.926150321960449
2.8701090812683105
2.9035091400146484
3.0901575088500977
3.1370019912719727
3.2696409225463867
3.3878064155578613
3.951984405517578
3.7533535957336426
3.6612796783447266
3.348926544189453
3.4261279106140137
3.569941520690918
3.641413688659668
3.673891067504883
3.558243751525879
3.4369921684265137
3.5191330909729004
3.3665928840637207
4.0813422203063965
4.074326992034912
4.218140602111816
4.225146770477295
4.233864784240723
4.272993087768555
4.201502799987793
4.129525184631348
4.067374229431152
4.093926906585693
4.168458461761475
4.1282124519348145
5.023509502410889
4.936943054199219
4.937794208526611
5.024121284484863
5.099939346313477
5.089261531829834
5.212615013122559
5.400045394897461
5.46356201171875
5.452529430389404
5.497315883636475
5.525784492492676
6.278810501098633
6.238821983337402
6.480864524841309
6.6172285079956055
6.777670860290527
7.024785995483398
7.123006343841553
7.1063690185546875
7.326913833618164
7.349546432495117
7.32930850982666
7.313043117523193
7.99620246887207
7.90087366104126
7.899649620056152
7.820417404174805
7.707617282867432
7.559741973876953
7.3879475593566895
7.2896833419799805
7.257046699523926
7.536319732666016
7.553205490112305
7.646468162536621
8.327091217041016
8.314081192016602
8.386874198913574
8.390652656555176
8.459552764892578
8.591606140136719
8.529801368713379
8.557666778564453
8.534253120422363
8.522990226745605
8.533419609069824
8.542518615722656
9.287705421447754
9.425958633422852
9.378617286682129
9.520746231079102
9.496259689331055
9.391042709350586
9.46528148651123
9.435501098632812
9.436068534851074
9.454550743103027
9.57404613494873
9.655549049377441
10.264460563659668
10.215940475463867
10.211256980895996
10.036102294921875
10.084480285644531
10.015926361083984
9.970030784606934
9.905662536621094
9.644286155700684
9.564309120178223
9.486193656921387
9.540487289428711
10.3329439163208
10.366050720214844
10.545604705810547
10.651070594787598
10.772314071655273
10.633661270141602
10.466017723083496
10.489501953125
10.457326889038086
10.343222618103027
10.461565017700195
10.442533493041992
10.882195472717285
10.946431159973145
10.909466743469238
10.884191513061523
10.851173400878906
10.801987648010254
10.726808547973633
10.561675071716309
10.463552474975586
10.365358352661133
10.374404907226562
10.212179183959961
10.910557746887207
11.030364036560059
11.097622871398926
11.15259075164795
11.17237663269043
11.077766418457031
11.11695671081543
11.16718864440918
11.186433792114258
11.227052688598633
11.20266342163086
11.151119232177734
11.950723648071289
11.9423246383667
12.169610023498535
12.309432983398438
12.39355182647705
12.596856117248535
12.56064510345459
12.521871566772461
12.469865798950195
12.50979232788086
12.34405517578125
12.27890682220459
12.803884506225586
12.6421480178833
12.520097732543945
12.479143142700195
12.400699615478516
12.422995567321777
12.33536434173584
12.25416374206543
12.209305763244629
12.257303237915039
12.150134086608887
12.100204467773438
12.878364562988281
13.029298782348633
13.053900718688965
12.983200073242188
12.989842414855957
12.93397045135498
12.835501670837402
12.8368501663208
12.852636337280273
12.974650382995605
13.045032501220703
12.83599853515625
13.76634407043457
14.082147598266602
14.108823776245117
13.974943161010742
13.998879432678223
13.948310852050781
14.058981895446777
14.201217651367188
14.190025329589844
14.18383502960205
14.176509857177734
14.307356834411621
14.907045364379883
15.042991638183594
15.074049949645996
15.183435440063477
15.188234329223633
15.05972671508789
15.23519229888916
15.397488594055176
15.411661148071289
15.387946128845215
15.365633010864258
15.391103744506836
16.064579010009766
16.04557228088379
15.91499137878418
15.946900367736816
15.927486419677734
15.91450309753418
15.923948287963867
16.100309371948242
16.258365631103516
16.28145980834961
16.263988494873047
16.230199813842773
17.032569885253906
17.1403865814209
17.05937957763672
17.114578247070312
16.924072265625
16.876731872558594
16.95465850830078
17.051469802856445
17.237197875976562
17.249683380126953
17.24097442626953
17.179285049438477
17.890806198120117
17.650440216064453
17.411945343017578
17.29558753967285
17.289318084716797
17.452730178833008
17.650562286376953
17.78726577758789
17.752090454101562
17.80239486694336
17.673782348632812
17.825613021850586
18.66925811767578
18.72911262512207
18.87799835205078
18.892383575439453
18.760906219482422
18.721405029296875
18.67781639099121
18.50507354736328
18.32486343383789
18.139968872070312
18.238021850585938
18.218067169189453